<?xml version="1.0" encoding="UTF-8" standalone="no"?>
<!DOCTYPE svg PUBLIC "-//W3C//DTD SVG 20010904//EN"
              "http://www.w3.org/TR/2001/REC-SVG-20010904/DTD/svg10.dtd">

<svg xmlns="http://www.w3.org/2000/svg"
     width="25.7222in" height="25.7222in"
     viewBox="0 0 1852 1852">
  <path id="Unnamed"
        fill="none" stroke="black" stroke-width="1"
        d="M 403.00,730.00
           C 403.00,730.00 1444.50,729.00 1444.50,729.00
             1444.50,729.00 1524.67,728.00 1593.33,752.00
             1644.88,767.98 1680.00,802.00 1680.00,802.00
             1680.00,802.00 1723.33,842.00 1726.67,916.67
             1733.33,984.67 1692.00,1033.33 1692.00,1033.33
             1692.00,1033.33 1663.77,1072.52 1611.33,1094.67
             1556.49,1117.83 1477.33,1124.00 1477.33,1124.00
             1477.33,1124.00 364.67,1120.00 364.67,1120.00
             364.67,1120.00 300.66,1116.47 258.67,1101.33
             207.28,1082.81 176.00,1052.00 176.00,1052.00
             176.00,1052.00 122.67,1008.67 128.00,914.67
             128.00,827.33 182.67,789.33 182.67,789.33
             182.67,789.33 210.11,763.52 269.33,747.33
             315.90,734.61 397.33,730.67 397.33,730.67" />
</svg>
