<?xml version="1.0" encoding="UTF-8" standalone="no"?>
<!DOCTYPE svg PUBLIC "-//W3C//DTD SVG 20010904//EN"
              "http://www.w3.org/TR/2001/REC-SVG-20010904/DTD/svg10.dtd">

<svg xmlns="http://www.w3.org/2000/svg"
     width="4.61111in" height="2.11111in"
     viewBox="0 0 332 152">
  <path id="Unnamed"
        fill="none" stroke="black" stroke-width="1"
        d="M 318.75,20.77
           C 321.00,20.95 319.62,22.33 319.82,22.18
             319.82,22.18 130.55,104.73 130.55,104.73
             130.55,104.73 100.55,117.09 100.55,117.09
             100.55,117.09 89.45,120.55 89.45,120.55
             89.45,120.55 83.27,122.00 83.27,122.00
             83.27,122.00 75.64,123.45 75.64,123.45
             75.64,123.45 65.45,123.64 65.45,123.64
             65.45,123.64 59.27,122.91 59.27,122.91
             59.27,122.91 53.09,120.55 53.09,120.55
             53.09,120.55 47.82,117.27 47.82,117.27
             47.82,117.27 43.09,113.09 43.09,113.09
             43.09,113.09 38.73,107.64 38.91,107.64
             38.41,107.54 36.44,100.87 36.73,100.91
             36.73,100.91 36.00,92.73 36.00,92.73
             36.00,92.73 36.73,85.45 36.73,85.45
             36.73,85.45 39.45,77.27 39.45,77.27
             39.45,77.27 42.91,68.18 42.91,68.18
             42.91,68.18 46.91,60.73 46.91,60.73
             46.91,60.73 52.91,51.09 52.91,51.09
             52.91,51.09 58.55,43.27 58.55,43.27
             58.55,43.27 64.91,34.36 64.91,34.36
             64.83,34.41 70.54,27.45 71.22,26.79
             71.89,26.34 67.76,35.13 67.77,35.15
             67.77,35.15 65.64,41.64 65.64,41.64
             65.64,41.64 64.73,46.36 64.73,46.36
             64.73,46.36 64.62,53.62 64.62,53.62
             64.62,53.62 65.09,60.73 65.09,60.73
             64.49,61.66 67.66,67.15 67.82,66.91
             67.32,66.68 70.92,71.84 71.64,72.18
             71.09,72.36 78.75,77.20 79.64,76.91
             79.23,77.01 86.01,79.68 86.91,79.45
             86.52,79.58 95.06,80.48 96.00,80.18
             96.79,80.55 106.91,78.98 106.36,78.73
             106.36,78.73 118.18,75.45 118.18,75.45
             118.18,75.45 318.73,20.73 318.73,20.73" />
</svg>
