<?xml version="1.0" encoding="UTF-8" standalone="no"?>
<!DOCTYPE svg PUBLIC "-//W3C//DTD SVG 20010904//EN"
              "http://www.w3.org/TR/2001/REC-SVG-20010904/DTD/svg10.dtd">

<svg xmlns="http://www.w3.org/2000/svg"
     width="20.8333in" height="27.7778in"
     viewBox="0 0 1500 2000">
  <path id="Unnamed"
        fill="none" stroke="black" stroke-width="1"
        d="M 368.67,849.00
           C 368.67,849.00 362.01,885.66 355.50,913.75
             351.45,931.20 346.33,945.33 346.33,945.33
             346.33,945.33 324.33,1002.00 324.33,1002.00
             324.33,1002.00 317.67,1064.00 317.67,1064.00
             317.67,1064.00 304.33,1167.33 304.33,1167.33
             304.33,1167.33 290.00,1264.67 290.00,1264.67
             290.00,1264.67 273.00,1369.67 273.00,1369.67
             273.00,1369.67 263.00,1417.00 263.00,1417.00
             263.00,1417.00 243.33,1470.67 243.33,1470.67
             243.33,1470.67 241.09,1474.78 239.45,1480.36
             237.92,1485.61 237.00,1492.33 237.00,1492.33
             237.00,1492.33 235.00,1513.67 235.00,1513.67
             235.00,1513.67 233.69,1519.13 231.45,1524.55
             229.36,1529.62 226.33,1534.67 226.33,1534.67
             226.33,1534.67 224.13,1541.36 222.73,1549.64
             221.30,1558.03 220.67,1568.00 220.67,1568.00
             220.67,1568.00 215.33,1602.00 215.33,1602.00
             215.33,1602.00 209.00,1646.33 209.00,1646.33
             209.00,1646.33 209.14,1648.27 207.82,1649.45
             205.91,1651.17 202.33,1652.33 202.33,1652.33
             202.33,1652.33 199.18,1653.22 195.09,1654.18
             188.03,1655.85 178.33,1658.00 178.33,1658.00
             178.33,1658.00 174.60,1659.03 168.55,1659.64
             160.03,1660.49 148.33,1661.00 148.33,1661.00
             148.33,1661.00 122.67,1660.67 122.67,1660.67
             122.67,1660.67 117.12,1660.20 110.91,1658.91
             101.72,1656.99 90.67,1654.00 90.67,1654.00
             90.67,1654.00 85.42,1652.23 80.55,1649.64
             73.14,1645.69 65.00,1640.33 65.00,1640.33
             65.00,1640.33 66.67,1597.67 66.67,1597.67
             66.67,1597.67 68.33,1542.67 68.33,1542.67
             68.33,1542.67 68.68,1540.01 68.00,1537.50
             67.06,1534.01 65.00,1530.33 65.00,1530.33
             65.00,1530.33 62.54,1526.83 60.50,1522.75
             58.37,1518.50 56.67,1513.67 56.67,1513.67
             56.67,1513.67 55.76,1507.68 55.38,1503.25
             55.13,1500.50 55.33,1498.59 55.33,1498.33
             55.33,1497.67 56.00,1479.67 56.00,1479.67
             56.00,1479.67 51.67,1455.33 51.67,1455.33
             51.67,1455.33 44.33,1393.00 44.33,1393.00
             44.33,1393.00 44.67,1336.33 44.67,1336.33
             44.67,1336.33 42.33,1299.67 42.33,1299.67
             42.33,1299.67 36.67,1237.67 36.67,1237.67
             36.67,1237.67 31.00,1177.00 31.00,1177.00
             31.00,1177.00 29.00,1118.33 29.00,1118.33
             29.00,1118.33 30.33,1051.00 30.33,1051.00
             30.33,1051.00 31.00,1009.33 31.00,1009.33
             31.00,1009.33 32.67,964.67 32.67,964.67
             32.67,964.67 36.00,935.33 36.00,935.33
             36.00,935.33 36.77,928.90 38.67,922.00
             41.52,911.63 45.87,899.33 45.67,899.33
             45.49,899.33 85.92,744.88 131.33,592.67
             171.58,457.76 217.47,323.00 217.00,323.00
             216.48,323.00 230.72,291.89 258.00,267.33
             283.42,244.45 322.00,228.00 322.00,228.00
             322.00,228.00 366.82,211.16 412.67,195.33
             464.90,177.30 519.00,160.00 519.00,160.00
             519.00,160.00 540.35,149.23 558.67,136.67
             575.27,125.28 589.00,112.00 589.00,112.00
             589.00,112.00 638.62,107.34 694.00,105.33
             764.16,102.80 843.56,102.88 843.00,104.00
             842.41,105.17 891.67,106.10 926.00,110.00
             950.18,112.75 963.00,119.00 963.00,119.00
             963.00,119.00 964.96,123.20 972.00,130.00
             979.45,137.19 992.00,147.00 992.00,147.00
             992.00,147.00 1014.85,158.09 1045.33,169.33
             1084.30,183.70 1133.00,199.00 1133.00,199.00
             1133.00,199.00 1198.91,215.08 1252.00,260.67
             1287.08,290.79 1317.00,357.00 1317.00,357.00
             1317.00,357.00 1365.84,458.59 1397.33,592.67
             1435.24,754.04 1457.00,953.00 1457.00,953.00
             1457.00,953.00 1460.29,968.24 1462.00,989.33
             1463.48,1007.52 1463.46,1032.00 1463.00,1032.00
             1462.51,1032.00 1461.41,1088.23 1464.00,1195.33
             1466.65,1305.20 1473.00,1466.00 1473.00,1466.00
             1473.00,1466.00 1474.33,1476.18 1474.33,1487.33
             1474.33,1497.08 1473.00,1508.00 1473.00,1508.00
             1473.00,1508.00 1469.17,1509.83 1466.67,1514.00
             1463.30,1519.61 1461.00,1528.00 1461.00,1528.00
             1461.00,1528.00 1458.66,1561.87 1459.00,1579.67
             1459.59,1610.57 1463.00,1633.00 1463.00,1633.00
             1463.00,1633.00 1446.65,1652.96 1416.67,1657.00
             1377.42,1662.29 1322.00,1652.00 1322.00,1652.00
             1322.00,1652.00 1314.56,1632.57 1309.33,1601.00
             1303.14,1563.57 1299.00,1513.00 1299.00,1513.00
             1299.00,1513.00 1295.75,1509.81 1293.00,1505.00
             1289.78,1499.37 1287.00,1492.00 1287.00,1492.00
             1287.00,1492.00 1285.96,1471.18 1282.00,1452.00
             1276.67,1426.18 1268.00,1400.00 1268.00,1400.00
             1268.00,1400.00 1268.01,1385.45 1266.00,1371.00
             1263.16,1350.52 1258.00,1328.00 1258.00,1328.00
             1258.00,1328.00 1233.73,1236.75 1224.00,1192.00
             1216.53,1157.63 1223.00,1167.00 1223.00,1167.00
             1223.00,1167.00 1207.55,1121.72 1191.00,1064.00
             1165.53,975.15 1135.00,860.00 1135.00,860.00
             1135.00,860.00 1128.09,1022.10 1135.00,1205.00
             1143.01,1416.95 1165.00,1654.00 1165.00,1654.00
             1165.00,1654.00 1162.00,1709.00 1162.00,1709.00
             1162.00,1709.00 1120.73,1781.29 960.00,1813.00
             830.02,1838.64 574.00,1825.00 574.00,1825.00
             574.00,1825.00 549.89,1819.05 529.00,1811.00
             508.39,1803.05 491.00,1793.00 491.00,1793.00
             491.00,1793.00 435.03,1774.07 396.00,1754.00
             366.33,1738.74 351.00,1721.00 351.00,1721.00
             351.00,1721.00 347.44,1657.29 348.00,1591.00
             348.42,1540.44 353.00,1483.00 353.00,1483.00
             353.00,1483.00 361.63,1356.88 368.00,1243.00
             373.58,1143.32 377.00,1054.00 377.00,1054.00
             377.00,1054.00 376.78,980.66 374.67,922.67
             373.24,883.58 369.64,852.18 369.64,852.18" />
</svg>
